2
2 1 3 100 200000000 2
3 1 3 100 200000000 2
4 1 3 100 150000000 2
5 1 3 100 5000000 2
6 1 3 100 5000000 2
7 1 3 100 5000000 2
8 1 3 100 5000000 2
9 1 3 100 5000000 2
10 1 3 100 5000000 2
11 1 3 100 5000000 2
12 1 3 100 5000000 2
13 1 3 100 5000000 2
14 1 3 100 5000000 2
15 1 3 100 5000000 2
16 1 3 100 5000000 2
17 1 3 100 5000000 2
18 1 3 100 5000000 2
19 1 3 100 5000000 2
20 1 3 100 5000000 2
21 1 3 100 5000000 2
22 1 3 100 5000000 2
23 1 3 100 5000000 2
24 1 3 100 5000000 2
25 1 3 100 5000000 2
26 1 3 100 5000000 2
27 1 3 100 5000000 2
28 1 3 100 5000000 2
29 1 3 100 5000000 2
30 1 3 100 5000000 2
31 1 3 100 5000000 2
32 1 3 100 5000000 2
33 1 3 100 5000000 2
34 1 3 100 5000000 2
35 1 3 100 5000000 2
36 1 3 100 5000000 2
37 1 3 100 5000000 2
38 1 3 100 5000000 2
39 1 3 100 5000000 2
40 1 3 100 5000000 2
41 1 3 100 5000000 2
42 1 3 100 5000000 2
43 1 3 100 5000000 2
44 1 3 100 5000000 2
45 1 3 100 5000000 2
46 1 3 100 5000000 2
47 1 3 100 5000000 2
48 1 3 100 5000000 2
49 1 3 100 5000000 2
50 1 3 100 5000000 2
51 1 3 100 5000000 2
52 1 3 100 5000000 2
53 1 3 100 5000000 2
54 1 3 100 5000000 2
55 1 3 100 5000000 2
56 1 3 100 5000000 2
57 1 3 100 5000000 2
58 1 3 100 5000000 2
59 1 3 100 5000000 2
60 1 3 100 5000000 2
61 1 3 100 5000000 2
62 1 3 100 5000000 2
63 1 3 100 5000000 2
64 1 3 100 5000000 2
65 1 3 100 10000000 2
66 1 3 100 10000000 2
67 1 3 100 10000000 2
68 1 3 100 10000000 2
69 1 3 100 10000000 2
70 1 3 100 10000000 2
71 1 3 100 10000000 2
72 1 3 100 10000000 2
73 1 3 100 10000000 2
74 1 3 100 10000000 2
75 1 3 100 10000000 2
76 1 3 100 10000000 2
77 1 3 100 10000000 2
78 1 3 100 10000000 2
79 1 3 100 10000000 2
80 1 3 100 10000000 2
81 1 3 100 10000000 2
82 1 3 100 10000000 2
83 1 3 100 10000000 2
84 1 3 100 10000000 2
85 1 3 100 10000000 2
86 1 3 100 10000000 2
87 1 3 100 10000000 2
88 1 3 100 10000000 2
89 1 3 100 10000000 2
90 1 3 100 10000000 2
91 1 3 100 10000000 2
92 1 3 100 10000000 2
93 1 3 100 10000000 2
94 1 3 100 10000000 2
95 1 3 100 10000000 2
96 1 3 100 10000000 2
97 1 3 100 10000000 2
98 1 3 100 10000000 2
99 1 3 100 10000000 2
100 1 3 100 10000000 2
101 1 3 100 10000000 2
102 1 3 100 10000000 2
103 1 3 100 10000000 2
104 1 3 100 10000000 2
105 1 3 100 10000000 2
106 1 3 100 10000000 2
107 1 3 100 10000000 2
108 1 3 100 10000000 2
109 1 3 100 10000000 2
110 1 3 100 10000000 2
111 1 3 100 10000000 2
112 1 3 100 10000000 2
113 1 3 100 10000000 2
114 1 3 100 10000000 2
115 1 3 100 10000000 2
116 1 3 100 10000000 2
117 1 3 100 10000000 2
118 1 3 100 10000000 2
119 1 3 100 10000000 2
120 1 3 100 10000000 2
121 1 3 100 10000000 2
122 1 3 100 10000000 2
123 1 3 100 10000000 2
124 1 3 100 10000000 2
125 1 3 100 10000000 2
126 1 3 100 10000000 2
127 1 3 100 10000000 2
128 1 3 100 10000000 2
129 1 3 100 10000000 2
130 1 3 100 10000000 2
131 1 3 100 10000000 2
132 1 3 100 10000000 2
133 1 3 100 10000000 2
134 1 3 100 10000000 2
135 1 3 100 10000000 2
136 1 3 100 10000000 2
137 1 3 100 10000000 2
138 1 3 100 10000000 2
139 1 3 100 10000000 2
140 1 3 100 10000000 2
141 1 3 100 10000000 2
142 1 3 100 10000000 2
143 1 3 100 10000000 2
144 1 3 100 10000000 2
145 1 3 100 10000000 2
146 1 3 100 10000000 2
147 1 3 100 10000000 2
148 1 3 100 10000000 2
149 1 3 100 10000000 2
150 1 3 100 10000000 2
151 1 3 100 10000000 2
152 1 3 100 10000000 2
153 1 3 100 10000000 2
154 1 3 100 10000000 2
155 1 3 100 10000000 2
156 1 3 100 10000000 2
157 1 3 100 10000000 2
158 1 3 100 10000000 2
159 1 3 100 10000000 2
160 1 3 100 10000000 2
161 1 3 100 10000000 2
162 1 3 100 10000000 2
163 1 3 100 10000000 2
164 1 3 100 10000000 2
165 1 3 100 10000000 2
166 1 3 100 10000000 2
167 1 3 100 10000000 2
168 1 3 100 10000000 2
169 1 3 100 10000000 2
170 1 3 100 10000000 2
171 1 3 100 10000000 2
172 1 3 100 10000000 2
173 1 3 100 10000000 2
174 1 3 100 10000000 2
175 1 3 100 10000000 2
176 1 3 100 10000000 2
177 1 3 100 10000000 2
178 1 3 100 10000000 2
179 1 3 100 10000000 2
180 1 3 100 10000000 2
181 1 3 100 10000000 2
182 1 3 100 10000000 2
183 1 3 100 10000000 2
184 1 3 100 10000000 2
185 1 3 100 10000000 2
186 1 3 100 10000000 2
187 1 3 100 10000000 2
188 1 3 100 10000000 2
189 1 3 100 10000000 2
190 1 3 100 10000000 2
191 1 3 100 10000000 2
192 1 3 100 10000000 2
193 1 3 100 10000000 2
194 1 3 100 10000000 2
195 1 3 100 10000000 2
196 1 3 100 10000000 2
197 1 3 100 10000000 2
198 1 3 100 10000000 2
199 1 3 100 10000000 2
200 1 3 100 10000000 2
201 1 3 100 10000000 2
202 1 3 100 10000000 2
203 1 3 100 10000000 2
204 1 3 100 10000000 2
205 1 3 100 10000000 2
206 1 3 100 10000000 2
207 1 3 100 10000000 2
208 1 3 100 10000000 2
209 1 3 100 10000000 2
210 1 3 100 10000000 2
211 1 3 100 10000000 2
212 1 3 100 10000000 2
213 1 3 100 10000000 2
214 1 3 100 10000000 2
215 1 3 100 10000000 2
216 1 3 100 10000000 2
217 1 3 100 10000000 2
218 1 3 100 10000000 2
219 1 3 100 10000000 2
220 1 3 100 10000000 2
221 1 3 100 10000000 2
222 1 3 100 10000000 2
223 1 3 100 10000000 2
224 1 3 100 10000000 2
225 1 3 100 10000000 2
226 1 3 100 10000000 2
227 1 3 100 10000000 2
228 1 3 100 10000000 2
229 1 3 100 10000000 2
230 1 3 100 10000000 2
231 1 3 100 10000000 2
232 1 3 100 10000000 2
233 1 3 100 10000000 2
234 1 3 100 10000000 2
235 1 3 100 10000000 2
236 1 3 100 10000000 2
237 1 3 100 10000000 2
238 1 3 100 10000000 2
239 1 3 100 10000000 2
240 1 3 100 10000000 2
241 1 3 100 10000000 2
242 1 3 100 10000000 2
243 1 3 100 10000000 2
244 1 3 100 10000000 2
245 1 3 100 10000000 2
246 1 3 100 10000000 2
247 1 3 100 10000000 2
248 1 3 100 10000000 2
249 1 3 100 10000000 2
250 1 3 100 10000000 2
251 1 3 100 10000000 2
252 1 3 100 10000000 2
253 1 3 100 10000000 2
254 1 3 100 10000000 2
255 1 3 100 10000000 2
256 1 3 100 10000000 2
257 1 3 100 10000000 2

First line: # of flows
src0 dst0 3 dst_port0 size0 start_time0
src1 dst1 3 dst_port1 size1 start_time1
...

Please order the flows in ascending start_time!
