0 0
3 6.48826
32 9.73239
36 10.8913
40 12.0503
46 13.2092
53 14.3681
64 15.5271
70 18.7988
77 22.0705
85 25.3422
96 28.6139
110 31.8856
128 35.1573
137 36.9864
146 38.8155
158 40.6446
171 42.4737
186 44.3028
205 46.1319
228 47.961
256 49.7901
268 52.3994
282 55.0086
296 57.6179
313 60.2272
331 62.8365
352 65.4457
375 68.055
402 70.6643
433 73.2736
469 75.8828
512 78.4921
531 79.0513
551 79.6104
573 80.1695
597 80.7286
623 81.2878
652 81.8469
683 82.406
717 82.9652
755 83.5243
796 84.0834
843 84.6426
896 85.2017
956 85.7608
1024 86.32
1053 86.5736
1084 86.8273
1117 87.081
1152 87.3347
1189 87.5884
1229 87.842
1271 88.0957
1317 88.3494
1365 88.6031
1418 88.8568
1475 89.1104
1536 89.3641
1603 89.6178
1676 89.8715
1755 90.1252
1843 90.3788
1940 90.6325
2048 90.8862
2092 90.9949
2137 91.1036
2185 91.2124
2234 91.3211
2286 91.4298
2341 91.5385
2398 91.6472
2458 91.7559
2521 91.8647
2587 91.9734
2657 92.0821
2731 92.1908
2809 92.2995
2891 92.4083
2979 92.517
3072 92.6257
3171 92.7344
3277 92.8431
3390 92.9519
3511 93.0606
3641 93.1693
3781 93.278
3932 93.3867
4096 93.4955
4163 93.5902
4233 93.6848
4304 93.7795
4378 93.8742
4455 93.9689
4535 94.0636
4617 94.1583
4703 94.253
4792 94.3477
4884 94.4424
4979 94.5371
5079 94.6318
5183 94.7265
5291 94.8211
5403 94.9158
5521 95.0105
5643 95.1052
5772 95.1999
5906 95.2946
6046 95.3893
6194 95.484
6349 95.5787
6512 95.6734
6683 95.7681
6864 95.8628
7054 95.9574
7256 96.0521
7469 96.1468
7696 96.2415
7936 96.3362
8192 96.4309
8293 96.4806
8397 96.5303
8503 96.5801
8612 96.6298
8724 96.6795
8839 96.7292
8957 96.7789
9078 96.8287
9202 96.8784
9330 96.9281
9461 96.9778
9596 97.0275
9735 97.0773
9879 97.127
10026 97.1767
10178 97.2264
10335 97.2761
10496 97.3259
10663 97.3756
10835 97.4253
11012 97.475
11196 97.5247
11385 97.5745
11582 97.6242
11785 97.6739
11995 97.7236
12214 97.7733
12440 97.8231
12674 97.8728
12918 97.9225
13171 97.9722
13435 98.0219
13709 98.0716
13995 98.1214
14292 98.1711
14603 98.2208
14928 98.2705
15267 98.3202
15622 98.37
15994 98.4197
16384 98.4694
16540 98.4802
16699 98.4909
16861 98.5017
17027 98.5125
17195 98.5233
17367 98.534
17542 98.5448
17721 98.5556
17904 98.5663
18091 98.5771
18281 98.5879
18476 98.5986
18674 98.6094
18877 98.6202
19085 98.6309
19297 98.6417
19514 98.6525
19735 98.6633
19962 98.674
20194 98.6848
20432 98.6956
20675 98.7063
20924 98.7171
21179 98.7279
21441 98.7386
21709 98.7494
21984 98.7602
22265 98.7709
22555 98.7817
22851 98.7925
23156 98.8033
23469 98.814
23790 98.8248
24121 98.8356
24461 98.8463
24810 98.8571
25170 98.8679
25540 98.8786
25921 98.8894
26314 98.9002
26719 98.911
27136 98.9217
27567 98.9325
28011 98.9433
28471 98.954
28945 98.9648
29436 98.9756
29943 98.9863
30468 98.9971
31013 99.0079
31576 99.0186
32161 99.0294
32768 99.0402
33007 99.0443
33250 99.0485
33496 99.0526
33746 99.0567
34000 99.0609
34257 99.065
34519 99.0691
34784 99.0733
35054 99.0774
35328 99.0815
35606 99.0857
35889 99.0898
36176 99.094
36468 99.0981
36764 99.1022
37065 99.1064
37372 99.1105
37683 99.1146
38000 99.1188
38322 99.1229
38649 99.127
38983 99.1312
39322 99.1353
39667 99.1394
40018 99.1436
40375 99.1477
40739 99.1519
41109 99.156
41486 99.1601
41870 99.1643
42262 99.1684
42660 99.1725
43067 99.1767
43481 99.1808
43903 99.1849
44333 99.1891
44772 99.1932
45220 99.1974
45677 99.2015
46143 99.2056
46618 99.2098
47104 99.2139
47600 99.218
48106 99.2222
48623 99.2263
49152 99.2304
49692 99.2346
50244 99.2387
50809 99.2429
51386 99.247
51977 99.2511
52581 99.2553
53200 99.2594
53833 99.2635
54482 99.2677
55146 99.2718
55827 99.2759
56525 99.2801
57240 99.2842
57974 99.2883
58727 99.2925
59500 99.2966
60293 99.3008
61108 99.3049
61945 99.309
62805 99.3132
63690 99.3173
64600 99.3214
65536 99.3256
65902 99.3299
66272 99.3342
66647 99.3385
67025 99.3428
67408 99.3471
67796 99.3514
68188 99.3557
68584 99.36
68985 99.3643
69391 99.3686
69802 99.3729
70217 99.3772
70638 99.3815
71063 99.3858
71494 99.3901
71930 99.3944
72371 99.3987
72818 99.403
73270 99.4073
73728 99.4116
74192 99.4159
74661 99.4202
75137 99.4246
75618 99.4289
76106 99.4332
76601 99.4375
77101 99.4418
77608 99.4461
78122 99.4504
78643 99.4547
79171 99.459
79706 99.4633
80248 99.4676
80798 99.4719
81355 99.4762
81920 99.4805
82493 99.4848
83074 99.4891
83663 99.4934
84261 99.4977
84867 99.502
85482 99.5063
86106 99.5106
86739 99.5149
87381 99.5192
88033 99.5235
88695 99.5278
89367 99.5321
90049 99.5364
90742 99.5407
91446 99.5451
92160 99.5494
92886 99.5537
93623 99.558
94372 99.5623
95133 99.5666
95906 99.5709
96692 99.5752
97492 99.5795
98304 99.5838
99130 99.5881
99970 99.5924
100825 99.5967
101694 99.601
102578 99.6053
103478 99.6096
104394 99.6139
105326 99.6182
106275 99.6225
107241 99.6268
108225 99.6311
109227 99.6354
110247 99.6397
111288 99.644
112347 99.6483
113428 99.6526
114529 99.6569
115652 99.6612
116797 99.6655
117965 99.6699
119156 99.6742
120372 99.6785
121613 99.6828
122880 99.6871
124173 99.6914
125494 99.6957
126844 99.7
128223 99.7043
129632 99.7086
131072 99.7129
131630 99.714
132192 99.7151
132760 99.7163
133332 99.7174
133909 99.7185
134491 99.7196
135079 99.7207
135671 99.7219
136269 99.723
136872 99.7241
137480 99.7252
138094 99.7264
138713 99.7275
139338 99.7286
139968 99.7297
140605 99.7308
141247 99.732
141894 99.7331
142548 99.7342
143208 99.7353
143874 99.7365
144547 99.7376
145225 99.7387
145910 99.7398
146602 99.7409
147300 99.7421
148005 99.7432
148716 99.7443
149435 99.7454
150160 99.7466
150893 99.7477
151632 99.7488
152379 99.7499
153134 99.751
153895 99.7522
154665 99.7533
155442 99.7544
156227 99.7555
157020 99.7567
157821 99.7578
158631 99.7589
159448 99.76
160275 99.7611
161109 99.7623
161953 99.7634
162805 99.7645
163667 99.7656
164537 99.7668
165417 99.7679
166306 99.769
167205 99.7701
168114 99.7712
169033 99.7724
169961 99.7735
170901 99.7746
171850 99.7757
172810 99.7769
173781 99.778
174763 99.7791
175756 99.7802
176760 99.7813
177776 99.7825
178803 99.7836
179843 99.7847
180895 99.7858
181959 99.787
183035 99.7881
184125 99.7892
185227 99.7903
186343 99.7914
187473 99.7926
188616 99.7937
189773 99.7948
190944 99.7959
192130 99.7971
193331 99.7982
194547 99.7993
195778 99.8004
197025 99.8015
198288 99.8027
199568 99.8038
200864 99.8049
202176 99.806
203507 99.8072
204854 99.8083
206220 99.8094
207604 99.8105
209007 99.8116
210429 99.8128
211870 99.8139
213331 99.815
214812 99.8161
216315 99.8173
217838 99.8184
219383 99.8195
220950 99.8206
222540 99.8217
224152 99.8229
225788 99.824
227448 99.8251
229133 99.8262
230843 99.8274
232579 99.8285
234341 99.8296
236130 99.8307
237946 99.8318
239791 99.833
241664 99.8341
243567 99.8352
245500 99.8363
247464 99.8375
249460 99.8386
251488 99.8397
253549 99.8408
255645 99.8419
257775 99.8431
259941 99.8442
262144 99.8453
263003 99.846
263869 99.8467
264739 99.8474
265616 99.848
266499 99.8487
267387 99.8494
268281 99.8501
269181 99.8508
270088 99.8515
271000 99.8521
271919 99.8528
272844 99.8535
273775 99.8542
274713 99.8549
275657 99.8556
276607 99.8562
277564 99.8569
278528 99.8576
279498 99.8583
280476 99.859
281460 99.8597
282451 99.8603
283449 99.861
284454 99.8617
285466 99.8624
286486 99.8631
287513 99.8638
288547 99.8644
289589 99.8651
290638 99.8658
291695 99.8665
292759 99.8672
293832 99.8679
294912 99.8685
296000 99.8692
297097 99.8699
298201 99.8706
299314 99.8713
300435 99.872
301564 99.8726
302702 99.8733
303849 99.874
305004 99.8747
306168 99.8754
307341 99.876
308523 99.8767
309715 99.8774
310915 99.8781
312125 99.8788
313344 99.8795
314573 99.8801
315811 99.8808
317060 99.8815
318318 99.8822
319586 99.8829
320864 99.8836
322153 99.8842
323452 99.8849
324761 99.8856
326082 99.8863
327413 99.887
328754 99.8877
330107 99.8883
331471 99.889
332847 99.8897
334234 99.8904
335632 99.8911
337042 99.8918
338464 99.8924
339899 99.8931
341345 99.8938
342804 99.8945
344275 99.8952
345759 99.8959
347256 99.8965
348765 99.8972
350288 99.8979
351825 99.8986
353375 99.8993
354938 99.9
356516 99.9006
358107 99.9013
359713 99.902
361334 99.9027
362969 99.9034
364618 99.9041
366283 99.9047
367964 99.9054
369659 99.9061
371371 99.9068
373098 99.9075
374841 99.9082
376601 99.9088
378378 99.9095
380171 99.9102
381981 99.9109
383809 99.9116
385654 99.9123
387517 99.9129
389398 99.9136
391298 99.9143
393216 99.915
395153 99.9157
397109 99.9164
399085 99.917
401080 99.9177
403096 99.9184
405132 99.9191
407188 99.9198
409266 99.9205
411364 99.9211
413485 99.9218
415627 99.9225
417792 99.9232
419979 99.9239
422190 99.9245
424424 99.9252
426681 99.9259
428963 99.9266
431269 99.9273
433600 99.928
435957 99.9286
438339 99.9293
440748 99.93
443183 99.9307
445645 99.9314
448134 99.9321
450652 99.9327
453198 99.9334
455773 99.9341
458378 99.9348
461012 99.9355
463677 99.9362
466372 99.9368
469100 99.9375
471859 99.9382
474651 99.9389
477477 99.9396
480336 99.9403
483229 99.9409
486158 99.9416
489122 99.9423
492123 99.943
495161 99.9437
498236 99.9444
501350 99.945
504504 99.9457
507697 99.9464
510930 99.9471
514206 99.9478
517523 99.9485
520884 99.9491
524288 99.9498
526844 99.9501
529425 99.9503
532031 99.9506
534663 99.9508
537322 99.9511
540006 99.9513
542718 99.9516
545458 99.9518
548225 99.9521
551020 99.9523
553844 99.9526
556697 99.9528
559579 99.9531
562492 99.9534
565435 99.9536
568408 99.9539
571414 99.9541
574451 99.9544
577521 99.9546
580624 99.9549
583760 99.9551
586931 99.9554
590136 99.9556
593376 99.9559
596652 99.9561
599964 99.9564
603313 99.9566
606700 99.9569
610125 99.9571
613590 99.9574
617093 99.9576
620637 99.9579
624222 99.9581
627848 99.9584
631517 99.9586
635229 99.9589
638985 99.9592
642786 99.9594
646632 99.9597
650524 99.9599
654463 99.9602
658451 99.9604
662487 99.9607
666573 99.9609
670710 99.9612
674899 99.9614
679140 99.9617
683435 99.9619
687784 99.9622
692190 99.9624
696652 99.9627
701172 99.9629
705750 99.9632
710390 99.9634
715090 99.9637
719853 99.9639
724680 99.9642
729573 99.9644
734531 99.9647
739558 99.965
744654 99.9652
749820 99.9655
755059 99.9657
760371 99.966
765759 99.9662
771224 99.9665
776767 99.9667
782390 99.967
788096 99.9672
793885 99.9675
799760 99.9677
805723 99.968
811775 99.9682
817919 99.9685
824156 99.9687
830490 99.969
836921 99.9692
843453 99.9695
850088 99.9697
856827 99.97
863675 99.9702
870633 99.9705
877704 99.9708
884890 99.971
892196 99.9713
899623 99.9715
907174 99.9718
914854 99.972
922664 99.9723
930609 99.9725
938693 99.9728
946917 99.973
955288 99.9733
963807 99.9735
972480 99.9738
981310 99.974
990302 99.9743
999461 99.9745
1008790 99.9748
1018296 99.975
1027982 99.9753
1037854 99.9755
1047917 99.9758
1058178 99.976
1068642 99.9763
1079314 99.9766
1090202 99.9768
1101312 99.9771
1112651 99.9773
1124225 99.9776
1136043 99.9778
1148112 99.9781
1160440 99.9783
1173036 99.9786
1185908 99.9788
1199066 99.9791
1212519 99.9793
1226277 99.9796
1240351 99.9798
1254752 99.9801
1269492 99.9803
1284581 99.9806
1300034 99.9808
1315863 99.9811
1332082 99.9813
1348706 99.9816
1365751 99.9818
1383231 99.9821
1401165 99.9823
1419570 99.9826
1438465 99.9829
1457870 99.9831
1477805 99.9834
1498294 99.9836
1519358 99.9839
1541023 99.9841
1563315 99.9844
1586261 99.9846
1609891 99.9849
1634235 99.9851
1659327 99.9854
1685202 99.9856
1711896 99.9859
1739450 99.9861
1767905 99.9864
1797307 99.9866
1827703 99.9869
1859145 99.9871
1891687 99.9874
1925389 99.9876
1960314 99.9879
1996529 99.9881
2034108 99.9884
2073128 99.9887
2113675 99.9889
2155839 99.9892
2199720 99.9894
2245424 99.9897
2293067 99.9899
2342777 99.9902
2394689 99.9904
2448954 99.9907
2505735 99.9909
2565212 99.9912
2627581 99.9914
2693059 99.9917
2761883 99.9919
2834317 99.9922
2910653 99.9924
2991214 99.9927
3076362 99.9929
3166500 99.9932
3262080 99.9934
3363608 99.9937
3471660 99.9939
3586885 99.9942
3710020 99.9945
3841911 99.9947
3983524 99.995
4135977 99.9952
4300563 99.9955
4478791 99.9957
4672430 99.996
4883570 99.9962
5114695 99.9965
5368784 99.9967
5649438 99.997
5961053 99.9972
6309051 99.9975
6700199 99.9977
7143054 99.998
7648594 99.9982
8231141 99.9985
8909743 99.9987
9710291 99.999
10668901 99.9992
11837511 99.9995
13293619 99.9997
15158197 100
